445972
243233
65093
1121289
189425
926549
1218108
1137281
655815
626522
411471
1411123
765910
1235802
1122218
911104
351016
243277
1336234
160492
1111479
862908
115713
90371
1489678
1111728
156889
1280663
321327
1427984
243276
365046
485915
36809
1005994
37692
911008
1048339
558169
148814
903503
525903
743836
702450
1453496
926561
1527444
1196028
411462
1469613
107806
267747
1094508
83332
314264
641526
862971
1123065
458233
343509
1089552
761193
216816
669502
1229520
1211844
906888
140626
1028307
561229
641112
882
1122176
471856
1123501
1334046
257310
880070
633697
219305
572544
223283
644282
977880
1307437
694431
452863
526218
262719
1273538
685035
158500
1123499
1122962
436717
421072
700015
521097
644966
370438
264730
314278
1319815
596154
549
672
562982
1048983
717785
568706
585531
754477
1385511