445972
243233
65093
1121289
189425
926549
1218108
1137281
655815
626522
411471
1411123
765910
1235802
1122218
1336234
160492
1111479
862908
115713
1489678
321327
1427984
243276
485915
37692
558169
903503
525903
743836
702450
926561
1527444
1196028
411462
1469613
107806
267747
1094508
83332
641526
1123065
458233
343509
1089552
216816
1229520
906888
140626
1028307
882
471856
1334046
880070
219305
572544
644282
1307437
694431
262719
1273538
685035
1123499
1122962
421072
700015
644966
370438
314278
596154
562982
1048983
717785
585531
1385511
